FRŽSVERKTYG
2
1 10.000000 30.000000 300.000000 0.000000 1    Dia.. 10 mm
2 20.000000 30.000000 300.000000 0.000000 2    Dia. 20 mm
3 15.000000 30.000000 0.000000 0.000000 8    Dia.. 15 mm
4 4.000000 30.000000 0.000000 0.000000 4    Dia.. 4 mm
5 2.000000 30.000000 0.000000 0.000000 5    Dia.  2 mm
6 6.000000 30.000000 0.000000 0.000000 6    Dia.  6 mm
7 7.000000 30.000000 0.000000 0.000000 7    Dia. 7 mm
8 8.000000 30.000000 0.000000 0.000000 8    Dia.  8 mm
9 5.000000 30.000000 0.000000 0.000000 9    Dia.  5 mm
10 1.000000 30.000000 0.000000 0.000000 10    Dia. 1 mm 
11 10.000000 30.000000 0.000000 0.000000 11    Dia. 10 mm
12 12.000000 30.000000 0.000000 0.000000 12    Dia. 12 mm
13 14.000000 30.000000 0.000000 0.000000 13    Dia. 14 mm
14 16.000000 30.000000 0.000000 0.000000 14    Dia. 16 mm
15 18.000000 30.000000 0.000000 0.000000 15    Dia. 18 mm
16 20.000000 30.000000 0.000000 0.000000 16    Dia. 20 mm
17 0.100000 0.000000 0.000000 0.000000 17    Dia. 0.1 INCH
18 0.500000 0.000000 0.000000 0.000000 18    Dia. 0.5 INCH
19 5.000000 0.000000 0.000000 0.000000 19    Dia. 5.0 INCH
20 0.200000 2.000000 100.000000 1000.000000 20    Dia. 0.2 INCH
21 0.300000 2.000000 100.000000 1000.000000 21    Dia. 0.3 INCH
22 0.400000 2.000000 100.000000 1000.000000 22    Dia. 0.4 INCH
23 0.500000 2.000000 100.000000 1000.000000 23    Dia. 0.5 INCH
24 0.600000 2.000000 100.000000 1000.000000 24    Dia. 0.6 INCH
25 0.700000 2.000000 100.000000 1000.000000 25    Dia. 0.7 INCH
26 0.100000 2.000000 100.000000 1000.000000 26    Dia. 0.1 INCH
27 0.090000 2.000000 100.000000 1000.000000 27    Dia. 0.09 INCH
28 0.070000 2.000000 100.000000 1000.000000 28    Dia. 0.07 INCH
29 0.050000 2.000000 100.000000 1000.000000 29    Dia. 0.05 INCH
30 0.010000 2.000000 100.000000 1000.000000 30    Dia. 0.01 INCH
31 0.000000 0.000000 0.000000 0.000000 0         
32 0.000000 0.000000 0.000000 0.000000 0         
33 0.000000 0.000000 0.000000 0.000000 0         
34 0.000000 0.000000 0.000000 0.000000 0         
35 0.000000 0.000000 0.000000 0.000000 0         
36 0.000000 0.000000 0.000000 0.000000 0         
37 0.000000 0.000000 0.000000 0.000000 0         
38 0.000000 0.000000 0.000000 0.000000 0         
39 0.000000 0.000000 0.000000 0.000000 0         
40 0.000000 0.000000 0.000000 0.000000 0         
41 0.000000 0.000000 0.000000 0.000000 0         
42 0.000000 0.000000 0.000000 0.000000 0         
43 0.000000 0.000000 0.000000 0.000000 0         
44 0.000000 0.000000 0.000000 0.000000 0         
45 0.000000 0.000000 0.000000 0.000000 0         
46 0.000000 0.000000 0.000000 0.000000 0         
47 0.000000 0.000000 0.000000 0.000000 0         
48 0.000000 0.000000 0.000000 0.000000 0         
49 0.000000 0.000000 0.000000 0.000000 0         
50 0.000000 0.000000 0.000000 0.000000 0         
51 0.000000 0.000000 0.000000 0.000000 0         
52 0.000000 0.000000 0.000000 0.000000 0         
53 0.000000 0.000000 0.000000 0.000000 0         
54 0.000000 0.000000 0.000000 0.000000 0         
55 0.000000 0.000000 0.000000 0.000000 0         
56 0.000000 0.000000 0.000000 0.000000 0         
57 0.000000 0.000000 0.000000 0.000000 0         
58 0.000000 0.000000 0.000000 0.000000 0         
59 0.000000 0.000000 0.000000 0.000000 0         
60 0.000000 0.000000 0.000000 0.000000 0         
61 0.000000 0.000000 0.000000 0.000000 0         
62 0.000000 0.000000 0.000000 0.000000 0         
63 0.000000 0.000000 0.000000 0.000000 0         
64 0.000000 0.000000 0.000000 0.000000 0         
65 0.000000 0.000000 0.000000 0.000000 0         
66 0.000000 0.000000 0.000000 0.000000 0         
67 0.000000 0.000000 0.000000 0.000000 0         
68 0.000000 0.000000 0.000000 0.000000 0         
69 0.000000 0.000000 0.000000 0.000000 0         
70 0.000000 0.000000 0.000000 0.000000 0         
71 0.000000 0.000000 0.000000 0.000000 0         
72 0.000000 0.000000 0.000000 0.000000 0         
73 0.000000 0.000000 0.000000 0.000000 0         
74 0.000000 0.000000 0.000000 0.000000 0         
75 0.000000 0.000000 0.000000 0.000000 0         
76 0.000000 0.000000 0.000000 0.000000 0         
77 0.000000 0.000000 0.000000 0.000000 0         
78 0.000000 0.000000 0.000000 0.000000 0         
79 0.000000 0.000000 0.000000 0.000000 0         
80 0.000000 0.000000 0.000000 0.000000 0         
81 0.000000 0.000000 0.000000 0.000000 0         
82 0.000000 0.000000 0.000000 0.000000 0         
83 0.000000 0.000000 0.000000 0.000000 0         
84 0.000000 0.000000 0.000000 0.000000 0         
85 0.000000 0.000000 0.000000 0.000000 0         
86 0.000000 0.000000 0.000000 0.000000 0         
87 0.000000 0.000000 0.000000 0.000000 0         
88 0.000000 0.000000 0.000000 0.000000 0         
89 0.000000 0.000000 0.000000 0.000000 0         
90 0.000000 0.000000 0.000000 0.000000 0         
91 0.000000 0.000000 0.000000 0.000000 0         
92 0.000000 0.000000 0.000000 0.000000 0         
93 0.000000 0.000000 0.000000 0.000000 0         
94 0.000000 0.000000 0.000000 0.000000 0         
95 0.000000 0.000000 0.000000 0.000000 0         
96 0.000000 0.000000 0.000000 0.000000 0         
97 0.000000 0.000000 0.000000 0.000000 0         
98 0.000000 0.000000 0.000000 0.000000 0         
99 0.000000 0.000000 0.000000 0.000000 0         
100 100.000000 30.000000 0.000000 0.000000 100   Dia. 100 mm
